CORPUS INFO (bag_of_seealsos=True):
2018-03-30 18:21:51,468 INFO collect train data from: /root/corpora_out/DBPEDIANIF/1000/merged/forest ...
2018-03-30 18:21:51,468 INFO found 10 train data files
2018-03-30 18:21:51,469 INFO use /root/corpora_out/DBPEDIANIF/1000/merged/forest.idx.0.npy for testing
2018-03-30 18:21:51,469 INFO create tensorflow graph ...
2018-03-30 18:21:51,469 DEBUG trainable lexicon entries: 782074
2018-03-30 18:21:51,469 DEBUG fixed lexicon entries:     247032
2018-03-30 18:22:00,173 INFO init embeddings with external vectors...
2018-03-30 18:24:04,799 DEBUG load data and parents from /root/corpora_out/DBPEDIANIF/1000/merged/forest ...
2018-03-30 18:24:15,921 INFO create dev data set ...
2018-03-30 18:30:29,269 INFO created 79735 tree tuples
2018-03-30 18:30:31,015 INFO dev data size: 79735
2018-03-30 18:30:31,016 INFO create train data set ...
2018-03-30 18:30:31,017 INFO training the model
2018-03-30 19:35:25,118 INFO created 716843 tree tuples



DBPEDIANIF/1000:

resource with root_id=3487167 is erroneous:
    "http://dbpedia.org/resource",
    "ROOT_ID:3487167(UNKNOWN)",
    "http://persistence.uni-leipzig.org/nlp2rdf/ontologies/nif-core#Context",
    "http://persistence.uni-leipzig.org/nlp2rdf/ontologies/nif-core#Section/seeAlso",
    "http://www.w3.org/2005/11/its/rdf#taIdentRef/seeAlso",
    "ROOT_ID:1247029(UNKNOWN)",
    "http://persistence.uni-leipzig.org/nlp2rdf/ontologies/nif-core#Section",
    "http://persistence.uni-leipzig.org/nlp2rdf/ontologies/nif-core#Section",
    "http://persistence.uni-leipzig.org/nlp2rdf/ontologies/nif-core#Section",
X   "ROOT_ID:3487168(UNKNOWN)",
^   "http://purl.org/olia/olia.owl#Lexeme/also",
    "http://persistence.uni-leipzig.org/nlp2rdf/ontologies/nif-core#Sentence",
    "http://persistence.uni-leipzig.org/nlp2rdf/ontologies/nif-core#Title",
    "http://purl.org/olia/olia.owl#Lexeme/\n",
    "http://purl.org/olia/olia.owl#Lexeme/*",
    "http://purl.org/olia/olia.owl#Lexeme/ ",
    "http://www.w3.org/2005/11/its/rdf#taIdentRef",
    "ROOT_ID:1247029(UNKNOWN)",
    "http://persistence.uni-leipzig.org/nlp2rdf/ontologies/nif-core#Sentence",
    "http://purl.org/olia/olia.owl#Lexeme/unyago",
    "http://www.w3.org/2005/11/its/rdf#taIdentRef",
    "ROOT_ID:1247029(UNKNOWN)",
    "http://purl.org/olia/olia.owl#Lexeme/\n",
    "http://persistence.uni-leipzig.org/nlp2rdf/ontologies/nif-core#Sentence",
    "http://purl.org/olia/olia.owl#Lexeme/*",
    "http://persistence.uni-leipzig.org/nlp2rdf/ontologies/nif-core#Sentence",
    "http://persistence.uni-leipzig.org/nlp2rdf/ontologies/nif-core#Paragraph",
    "http://dbpedia.org/resource",
    "ROOT_ID:3487169(UNKNOWN)",



get NUM'th line of forest.string:

sed "${NUM}q;d" forest.string

# get ids from abstracts longer then 1000 tokens:
for i in 2960213 3682779 1124918 4543240 3248329 3015247 443516 2591607 3593651 1883086 1449629 2031183 2824005 1322150 2671745 1152555 3739588 2535290 4829211 2650278 3735375 500635 3592266 4629200 3071249 1449260 1395255 3026941 4873166 32342 1379622 1988253 91926 2327327 2703033 2024296 4373033 1760819 1251012 1038706 4253146 4829037 1244698 3675584 1587028 4625711 2559862 2671750 1878261 1071484 1867254 897683 2037941 2444137 4773262 4189349 3065838 4165422 3190981 4153936 2414951 706923 2996447 3595955 2290696 4409904 923905 6662 1968566 4829227 2141179 2476567 3021723 2539434 3710393 3569477 2389490 32865 3180315 764450 3813017 2887391 1656075 764451 2400748 3201217 207586 1990852 899295 1958826 1438601 4288740 1016638 4708129 1852587 211263 3739593 1443553 4578529 1449375 3925155 4589373 1199046 3858408 1936258 1225609 2379548 2559820 2400755 1936259 44427 2871700 2688689 4916421 3846579 842377 2379582 2671755 4336699 3969609 2709151 3714178 3627864 75744 1930621 3672173 11650 3919270 2185404 2434679 1209664 1589873 2014124 3105682 3500074 3537364 4394630 566224 1099430 1526413 976110 2645492 106381 2900155 3969574 1084944 100922 2448904 1627645 1936261 3500028 1948057 950210 2645127 254747 4652349 4631805 111696 100926 106380 934459 1911564 2653949 32338 67837 4916418 2947184 1774913 4916416 1864964 4276579 2909186 3852573 2703034 939728 351452 3969512 2942243 4009751 2171888 4506727 3682329 1044672 1769500 2930807 168773 3547399 2381090 2433439 111700 1870873 2409551 1445654 2491027 2451777 1316269 638932 3275361 106370 145579 127809 422894 2596191 2659877 4658248 1948032 3918279 111686 4036038 3165793 2971528 1456467 2977860 1138998 2824997 1098202 1451187 1124227 110843 58977 452753 2472457 423644 2947665 49188 106373 2374395 1784515 1307512 3698135 4924056 901463 1870046 1388209 2456634 130233 3500059 88349 3500119 3358357 100917 2830640 923906 23182 3331184 1449447 3963182 3910452 111683 331676 4523977 432010 111705 1557320 725076 2393443 498561 106377 53440 3574665 3047721 100932 2376005 622989 2387476 2461427 4294352 111702 2072169 4301746 3771224 707804 2807868 4674216 3383485 628338 4138178 4690584 1565957 2044106 3054085 4116237 3339349 901091 3822185 1539665 2398507 3956286 2576080 1105728 1244697 1445654 4055571 2398076 2144387 1225609 2112693 2442578 262672 1327236 2240341 2445763 2346926 3969471 1543734 48257 3395558 2416831 4637092 4327926 2391767 4700162 3772691 1801294 2057046 2266065 1951473 4350764 2900146 591928 3209790 1173331 3682342 2462921 1777868 2346827 2622563 2393443 2443425 3017516 3696068 3364579 2631925 1081895 1135300 1493948 3298347 2400707 4162703 299356 499956 3383484 3590584 1536486 4301007 2671749 305302 1149514 3853994 2964604 2931855 1859510 1165010 290802 2414468 2388300 2672436 3539371 614296 2172118 2958954 3611040 3652077 1946651 2259790 937425 1869865 4232038 4124362 764444 2892747 62227 1012403 3512702 452753 3165793 1899559 1442826 2099288 1980797 1669191 3126752 1540952 724233 1169049 423423 4578529 3248329 1451187 2900155 2004823 2409551 4642483 11650 4658248 3919270 911750 2703034 738715 4589373 4916416 1209664 1449375 420501 2720958 2439146 2997309 2895336 3969609 1534229 950210 16647 3383485 100924 2217 106386 2709151 731311 3739593 106369 2185404 4253146 1124227 3537364 2400755 2457033 1443551 1852587 725076 2671755 3852573 3969512 2807868 3645186 254740 111700 2445777 3500090 4916418 39565 2374444 1864964 1936258 579949 2117204 3698135 1443553 4589351 2456634 835992 2221792 100934 4731702 3500103 1322150 3592206 1316269 111709 100929 2058130 2947665 2558336 87600 254747 628338 2947184 3846579 348058 69415 3561368 4326904 1199046 2379548 3682329 4336699 3791107 2155078 351452 1244694 4631805 2453070 2645492 3858408 1911564 4690584 111741 4135785 1241803 1171405 2475342 106387 2871687 1936259 3306914 2476793 3910452 100968 1566481 4218449 3819838 3500075 1769500 3947171 1244696 376061 3021723 2376539 3500030 4082249 3739588 2685325 835991 424261 3500095 1870046 3574665 3610166 2379582 3500121 111710 1936261 2505724 2539434 3688115 2871680 2830640 46585 827097 601252 111723 1627791 106373 2433981 293168 3500057 1059445 825217 3500056 3156044 111716 2381090 3963182 842377 53440 2896451 3768187 2795841 111670 2885665 1044672 3546093; do NUM=$((i+2)); sed "${NUM}q;d" forest.root.id.string; done

too long (root indices):
1322150
4578529
